0.0000000e+000  0.0000000e+000  0.0000000e+000  0.0000000e+000
4.2775693e-003  2.9290634e-002  2.1645552e-004  5.5713592e-002
1.7037087e-002  5.7171630e-002  1.1218650e-003  6.7369141e-002
3.8060234e-002  8.5786716e-002  2.4138097e-003  6.0580760e-002
6.6987298e-002  1.1421848e-001  4.1314984e-003  5.9850325e-002
1.0332333e-001  1.4135627e-001  6.3276892e-003  5.9021542e-002
1.4644661e-001  1.6582953e-001  8.8002396e-003  5.6207663e-002
1.9561929e-001  1.8614406e-001  1.1500810e-002  5.4438397e-002
2.5000000e-001  2.0091800e-001  1.4432237e-002  5.2929691e-002
3.0865828e-001  2.0881617e-001  1.7475252e-002  4.9088698e-002
3.7059048e-001  2.0864034e-001  2.0333099e-002  4.0744363e-002
4.3473690e-001  1.9965937e-001  2.2587902e-002  3.2143847e-002
5.0000000e-001  1.8209038e-001  2.4486045e-002  2.7626625e-002
5.6526310e-001  1.5785266e-001  2.6193900e-002  2.4388393e-002
6.2940952e-001  1.2987365e-001  2.7646078e-002  1.7665399e-002
6.9134172e-001  1.0109065e-001  2.8442772e-002  3.0448671e-003
7.5000000e-001  7.4521340e-002  2.8075854e-002 -2.1747461e-002
8.0438071e-001  5.2223797e-002  2.6112167e-002 -5.5160982e-002
8.5355339e-001  3.5103389e-002  2.2552682e-002 -9.1633710e-002
8.9667667e-001  2.2960697e-002  1.7873279e-002 -1.2718206e-001
9.3301270e-001  1.4900952e-002  1.2680372e-002 -1.5848741e-001
9.6193977e-001  9.7346020e-003  7.7371466e-003 -1.8349345e-001
9.8296291e-001  6.4489801e-003  3.6869068e-003 -2.0492106e-001
9.9572243e-001  4.4655498e-003  9.7723269e-004 -2.2450760e-001
1.0000000e+000  3.7960897e-003 -5.2714042e-007 -1.0113921e-001
