0.0000000e+000  0.0000000e+000  0.0000000e+000  0.0000000e+000
4.2775693e-003  3.7041889e-002  8.1015611e-006 -4.6049904e-003
1.7037087e-002  7.6120742e-002 -2.9800761e-004 -2.9450453e-002
3.8060234e-002  1.1886290e-001 -1.1062690e-003 -4.4301956e-002
6.6987298e-002  1.6289490e-001 -2.6208662e-003 -5.7911742e-002
1.0332333e-001  2.0552560e-001 -4.9785828e-003 -6.9039506e-002
1.4644661e-001  2.4413292e-001 -8.1683385e-003 -7.4742832e-002
1.9561929e-001  2.7561296e-001 -1.1887072e-002 -7.0195904e-002
2.5000000e-001  2.9573339e-001 -1.5377807e-002 -3.0746791e-002
3.0865828e-001  2.9905848e-001 -1.5065289e-002  4.4426199e-002
3.7059048e-001  2.8666265e-001 -9.7572763e-003  9.3009282e-002
4.3473690e-001  2.6301000e-001 -3.3058899e-003  9.9364728e-002
5.0000000e-001  2.3218412e-001  3.0987442e-003  9.3910684e-002
5.6526310e-001  1.9736391e-001  8.9519141e-003  8.3689438e-002
6.2940952e-001  1.6091538e-001  1.3942232e-002  6.9904979e-002
6.9134172e-001  1.2508289e-001  1.7799778e-002  5.1860153e-002
7.5000000e-001  9.1932451e-002  2.0262538e-002  2.7380904e-002
8.0438071e-001  6.3383650e-002  2.1015272e-002 -5.2195415e-003
8.5355339e-001  4.0824815e-002  1.9911075e-002 -4.4712933e-002
8.9667667e-001  2.4609131e-002  1.7141173e-002 -8.7957078e-002
9.3301270e-001  1.4090995e-002  1.3218776e-002 -1.3433622e-001
9.6193977e-001  8.1651951e-003  8.7251310e-003 -1.8612875e-001
9.8296291e-001  5.5636416e-003  4.3417621e-003 -2.3445172e-001
9.9572243e-001  4.7845628e-003  1.1493143e-003 -2.6405823e-001
1.0000000e+000  4.7901264e-003 -8.4435508e-008 -1.1898120e-001
