0.0000000e+00 0.0000000e+00 0.0000000e+00 0.0000000e+00
4.2775693e-03 1.4154603e-02 0.0000000e+00 0.0000000e+00
1.7037087e-02 2.7379421e-02 0.0000000e+00 0.0000000e+00
3.8060234e-02 3.9474651e-02 0.0000000e+00 0.0000000e+00
6.6987298e-02 5.0181492e-02 0.0000000e+00 0.0000000e+00
1.0332333e-01 5.9223815e-02 0.0000000e+00 0.0000000e+00
1.4644661e-01 6.6354037e-02 0.0000000e+00 0.0000000e+00
1.9561929e-01 7.1394303e-02 0.0000000e+00 0.0000000e+00
2.5000000e-01 7.4265527e-02 0.0000000e+00 0.0000000e+00
3.0865828e-01 7.4999837e-02 0.0000000e+00 0.0000000e+00
3.7059048e-01 7.3735748e-02 0.0000000e+00 0.0000000e+00
4.3473690e-01 7.0699086e-02 0.0000000e+00 0.0000000e+00
5.0000000e-01 6.6175315e-02 0.0000000e+00 0.0000000e+00
5.6526310e-01 6.0480034e-02 0.0000000e+00 0.0000000e+00
6.2940952e-01 5.3933778e-02 0.0000000e+00 0.0000000e+00
6.9134172e-01 4.6845194e-02 0.0000000e+00 0.0000000e+00
7.5000000e-01 3.9503828e-02 0.0000000e+00 0.0000000e+00
8.0438071e-01 3.2180856e-02 0.0000000e+00 0.0000000e+00
8.5355339e-01 2.5134090e-02 0.0000000e+00 0.0000000e+00
8.9667667e-01 1.8612723e-02 0.0000000e+00 0.0000000e+00
9.3301270e-01 1.2857909e-02 0.0000000e+00 0.0000000e+00
9.6193977e-01 8.0970456e-03 0.0000000e+00 0.0000000e+00
9.8296291e-01 4.5319428e-03 0.0000000e+00 0.0000000e+00
9.9572243e-01 2.3232510e-03 0.0000000e+00 0.0000000e+00
1.0000000e+00 1.5750000e-03 0.0000000e+00 0.0000000e+00
