0.0000000e+000  0.0000000e+000  0.0000000e+000  0.0000000e+000
4.2775693e-003  3.4202940e-002 -5.1153001e-005 -2.0608527e-002
1.7037087e-002  6.7728247e-002 -6.4333267e-004 -4.7436786e-002
3.8060234e-002  1.0333986e-001 -1.6761413e-003 -4.1954312e-002
6.6987298e-002  1.3825644e-001 -2.6042565e-003 -2.2440996e-002
1.0332333e-001  1.7122747e-001 -2.9795108e-003 -3.2085344e-003
1.4644661e-001  2.0069533e-001 -2.7535452e-003  1.1492139e-002
1.9561929e-001  2.2474636e-001 -1.8378837e-003  2.5032065e-002
2.5000000e-001  2.4156278e-001 -9.1079363e-005  3.7469316e-002
3.0865828e-001  2.4941372e-001  2.4451586e-003  4.4108090e-002
3.7059048e-001  2.4657077e-001  5.2337957e-003  4.6189699e-002
4.3473690e-001  2.3281770e-001  8.2739319e-003  5.4141844e-002
5.0000000e-001  2.0955174e-001  1.2255468e-002  6.5244563e-002
5.6526310e-001  1.7915448e-001  1.6790056e-002  6.9455134e-002
6.2940952e-001  1.4468295e-001  2.1243682e-002  6.3497902e-002
6.9134172e-001  1.0963617e-001  2.4821597e-002  4.5123127e-002
7.5000000e-001  7.7652377e-002  2.6765732e-002  1.3034267e-002
8.0438071e-001  5.1442631e-002  2.6460741e-002 -3.0403919e-002
8.5355339e-001  3.2203996e-002  2.3863207e-002 -7.8951308e-002
8.9667667e-001  1.9400121e-002  1.9470511e-002 -1.2774674e-001
9.3301270e-001  1.1930122e-002  1.4036239e-002 -1.7217559e-001
9.6193977e-001  8.0667540e-003  8.5348024e-003 -2.0591094e-001
9.8296291e-001  5.8995410e-003  3.9656019e-003 -2.2585233e-001
9.9572243e-001  4.5493346e-003  1.0179258e-003 -2.3629166e-001
1.0000000e+000  4.1680451e-003 -3.9100670e-007 -1.0536030e-001
