0.0000000e+000  0.0000000e+000  0.0000000e+000  0.0000000e+000
4.2775693e-003  4.8927993e-002  9.1954304e-006  2.9659318e-004
1.7037087e-002  9.9531343e-002 -5.7549326e-005 -9.8170325e-003 
3.8060234e-002  1.5124297e-001 -4.2278906e-004 -2.5697786e-002
6.6987298e-002  2.0267030e-001 -1.4974896e-003 -4.7526594e-002
1.0332333e-001  2.5082022e-001 -3.6979376e-003 -7.1347353e-002
1.4644661e-001  2.9300639e-001 -7.3268356e-003 -9.1164110e-002
1.9561929e-001  3.2647609e-001 -1.2202809e-002 -1.0172065e-001
2.5000000e-001  3.4726079e-001 -1.7888436e-002 -6.4674839e-002
3.0865828e-001  3.4930360e-001 -1.9159013e-002  3.2568070e-002
3.7059048e-001  3.3359988e-001 -1.3596048e-002  9.7913620e-002
4.3473690e-001  3.0607222e-001 -6.7777316e-003  1.0450527e-001
5.0000000e-001  2.7080946e-001 -7.6098097e-005  9.7164152e-002
5.6526310e-001  2.3106279e-001  5.9047352e-003  8.4510896e-002
6.2940952e-001  1.8971897e-001  1.0876206e-002  6.9655969e-002
6.9134172e-001  1.4913949e-001  1.4721010e-002  5.3165636e-002
7.5000000e-001  1.1129800e-001  1.7344308e-002  3.2898225e-002
8.0438071e-001  7.8030057e-002  1.8537255e-002  5.6866081e-003
8.5355339e-001  5.0975388e-002  1.8094335e-002 -2.9255421e-002
8.9667667e-001  3.0942875e-002  1.6067005e-002 -6.9628890e-002
9.3301270e-001  1.7434329e-002  1.2844518e-002 -1.1739099e-001
9.6193977e-001  9.5777834e-003  8.7876940e-003 -1.7814122e-001
9.8296291e-001  6.2487983e-003  4.4635663e-003 -2.3728206e-001
9.9572243e-001  5.4281400e-003  1.1912642e-003 -2.7295846e-001
1.0000000e+000  5.5022424e-003  5.6982911e-009 -1.2332963e-001
