0.0000000e+000  0.0000000e+000  0.0000000e+000  0.0000000e+000
4.2775693e-003  2.6553072e-002 -2.3949415e-006  1.3829899e-002
1.7037087e-002  5.0001579e-002  7.2174641e-004  7.7804219e-002
3.8060234e-002  7.3096404e-002  3.0866209e-003  1.1770161e-001
6.6987298e-002  9.5861079e-002  6.6988548e-003  1.2053392e-001
1.0332333e-001  1.1741418e-001  1.0880493e-002  1.0730649e-001
1.4644661e-001  1.3706976e-001  1.5109942e-002  9.0193195e-002
1.9561929e-001  1.5403784e-001  1.9102871e-002  7.3725337e-002
2.5000000e-001  1.6748167e-001  2.2662446e-002  5.8487166e-002
3.0865828e-001  1.7649808e-001  2.5652233e-002  4.4374572e-002
3.7059048e-001  1.7988768e-001  2.7969209e-002  3.1036321e-002
4.3473690e-001  1.7503222e-001  2.9536512e-002  1.8181153e-002
5.0000000e-001  1.6219929e-001  3.0307939e-002  5.5587147e-003
5.6526310e-001  1.4422493e-001  3.0262070e-002 -7.0823963e-003
6.2940952e-001  1.2295329e-001  2.9405536e-002 -1.9939289e-002
6.9134172e-001  1.0017464e-001  2.7776817e-002 -3.3233133e-002
7.5000000e-001  7.7618932e-002  2.5442143e-002 -4.7298814e-002
8.0438071e-001  5.6692175e-002  2.2492010e-002 -6.2494055e-002
8.5355339e-001  3.8606660e-002  1.9052435e-002 -7.9354625e-002
8.9667667e-001  2.4135989e-002  1.5274697e-002 -9.8657381e-002
9.3301270e-001  1.3509143e-002  1.1351433e-002 -1.2192152e-001
9.6193977e-001  6.5303625e-003  7.5033541e-003 -1.5086316e-001
9.8296291e-001  2.5523596e-003  4.0592187e-003 -2.0813133e-001
9.9572243e-001  5.3710290e-004  1.0604577e-003 -2.4467500e-001
1.0000000e+000  0.0000000e+000  0.0000000e+000 -1.7363690e-001
