0.0000000e+00 0.0000000e+00 0.0000000e+00 0.0000000e+00 
4.2775693e-03 1.1323682e-02 0.0000000e+00 0.0000000e+00 
1.7037087e-02 2.1903537e-02 0.0000000e+00 0.0000000e+00 
3.8060234e-02 3.1579721e-02 0.0000000e+00 0.0000000e+00 
6.6987298e-02 4.0145194e-02 0.0000000e+00 0.0000000e+00 
1.0332333e-01 4.7379052e-02 0.0000000e+00 0.0000000e+00 
1.4644661e-01 5.3083230e-02 0.0000000e+00 0.0000000e+00 
1.9561929e-01 5.7115442e-02 0.0000000e+00 0.0000000e+00 
2.5000000e-01 5.9412422e-02 0.0000000e+00 0.0000000e+00 
3.0865828e-01 5.9999870e-02 0.0000000e+00 0.0000000e+00 
3.7059048e-01 5.8988598e-02 0.0000000e+00 0.0000000e+00 
4.3473690e-01 5.6559269e-02 0.0000000e+00 0.0000000e+00 
5.0000000e-01 5.2940252e-02 0.0000000e+00 0.0000000e+00 
5.6526310e-01 4.8384027e-02 0.0000000e+00 0.0000000e+00 
6.2940952e-01 4.3147022e-02 0.0000000e+00 0.0000000e+00 
6.9134172e-01 3.7476155e-02 0.0000000e+00 0.0000000e+00 
7.5000000e-01 3.1603062e-02 0.0000000e+00 0.0000000e+00 
8.0438071e-01 2.5744685e-02 0.0000000e+00 0.0000000e+00 
8.5355339e-01 2.0107272e-02 0.0000000e+00 0.0000000e+00 
8.9667667e-01 1.4890178e-02 0.0000000e+00 0.0000000e+00 
9.3301270e-01 1.0286327e-02 0.0000000e+00 0.0000000e+00 
9.6193977e-01 6.4776365e-03 0.0000000e+00 0.0000000e+00 
9.8296291e-01 3.6255542e-03 0.0000000e+00 0.0000000e+00 
9.9572243e-01 1.8586008e-03 0.0000000e+00 0.0000000e+00 
1.0000000e+00 1.2600000e-03 0.0000000e+00 0.0000000e+00 
